posx(416.26, 74.73, 48.42, 174.5, -179.59, -91.68)#빈컵잡기 
posx(664.05, 146.11, 74.49, 11.42, 180, 100.68) #빈컵놓기
posx(393.78, -313.01, 22.34, 103.45, -169.61, -78.61)#스푼 잡기
posx(516.4, -30.72, 241.8, 118.46, -139.79, -91.38)#설탕퍼기직전
posx(563.94, -114.13, 161.17, 112.95, -142.83, -90.62)#설탕담음
posx(555.41, -69.15, 211.1, 109.81, -124.78, -91.08)#담고들음
posx(597.91, 198.87, 156.25, 139.14, -108.22, -95.49)#설탕든채로 컵위
posx(597.47, 180.63, 164.45, 137.01, -107.33, 134.82)#설탕부음
posx(620.62, 183.2, 287.19, 4.42, 127.24, 129.72)#스푼복귀중
posx(393.44, -313.19, 30.19, 15.46, 176.25, -163.03)#스푼복귀완

